Webots Project File version R2023b
perspectives: 000000ff00000000fd00000002000000010000011c00000349fc0200000001fb0000001400540065007800740045006400690074006f00720100000019000003490000008900ffffff0000000300000780000000e5fc0100000002fb0000001a0043006f006e0073006f006c00650041006c006c0041006c006c0100000000000007800000006900fffffffb0000001a0043006f006e0073006f006c00650041006c006c0041006c006c0100000000000007800000000000000000000006620000034900000001000000020000000100000008fc00000000
simulationViewPerspectives: 000000ff0000000100000002000001030000055f0100000002010000000100
sceneTreePerspectives: 000000ff000000010000000300000021000000c0000000fa0100000002010000000200
maximizedDockId: -1
centralWidgetVisible: 1
orthographicViewHeight: 1
textFiles: 0 "controllers/main/assignment/my_assignment.py"
consoles: Console:All:All
renderingDevicePerspectives: crazyflie:camera;0;0.192851;0.306627;0.387255
renderingDevicePerspectives: crazyflie:cf_camera;0;0.252532;0.163875;0
